0 1 0 1 4 0 1 1 1 0 0 1 0 0 0
2 0 0 0 1 0 0 2 0 0 0 0 0 0 0
1 1 0 0 3 0 0 1 0 0 0 0 0 0 0
1 2 1 0 3 0 0 1 5 0 2 0 0 3 0
0 5 2 2 4 0 1 6 2 1 10 0 0 1 0
6 1 0 0 8 0 1 7 2 1 9 1 1 2 0
2 9 0 1 0 0 0 35 1 2 9 1 0 0 1
1 0 0 2 1 0 0 0 5 0 0 0 0 0 0
0 1 0 0 2 0 0 0 0 0 0 0 0 0 0
2 0 0 1 9 1 0 2 0 0 2 0 0 0 0
1 7 0 1 5 0 0 8 0 0 0 0 0 5 0
4 1 0 1 0 0 0 4 1 0 5 0 0 0 0
3 9 0 6 5 1 1 11 1 1 3 11 0 0 0
10 22 1 1 7 0 0 8 1 0 0 0 0 0 0
2 2 0 3 2 0 0 1 4 0 1 2 1 2 0
3 3 0 1 0 0 1 0 0 0 1 2 0 0 1
1 1 0 1 2 0 0 5 2 0 3 0 0 0 0
3 4 1 1 1 1 2 9 3 0 0 3 0 0 0
3 0 0 0 16 7 0 4 1 0 0 1 10 0 1
2 4 0 2 2 0 0 16 3 0 3 0 0 0 0
5 6 1 2 9 0 0 10 1 0 0 0 0 0 0
10 4 0 1 1 0 0 3 3 0 8 7 0 0 0
1 6 8 0 0 0 0 25 0 0 0 0 0 0 0
2 5 0 1 1 0 0 7 1 0 2 0 0 1 0
8 0 0 2 10 0 1 3 1 0 1 0 1 1 0
1 5 2 0 1 0 0 7 5 2 3 2 0 0 3
2 7 1 5 6 0 1 5 1 0 4 7 1 2 0
4 0 0 3 5 1 3 12 1 0 6 0 0 1 0
2 1 0 1 3 1 1 0 1 1 1 0 0 0 0
3 1 0 0 0 0 0 0 0 0 0 0 0 0 0
3 0 0 0 4 0 0 0 2 0 0 0 0 1 0
