0 0 0 0 21 6 5 17 6 0 0 0 0 2 3
1 0 0 0 0 1 0 0 1 0 0 0 0 0 0
0 0 0 0 0 1 0 2 0 0 1 0 0 0 0
0 0 0 0 2 0 0 1 2 0 0 0 0 0 0
0 0 0 0 0 0 1 0 0 0 1 0 0 0 0
0 0 0 0 0 0 0 0 0 0 0 0 0 0 0
0 0 0 0 0 0 0 0 0 0 0 0 0 0 0
0 0 0 0 0 0 0 0 0 0 0 0 0 0 0
0 0 0 0 0 0 0 0 0 0 0 0 0 0 0
0 0 0 0 0 0 0 0 0 0 0 0 0 0 0
0 0 0 0 0 0 0 0 0 0 0 0 0 0 0
0 0 0 0 0 0 0 0 0 0 0 0 0 0 0
0 0 0 0 0 0 0 0 0 0 0 0 0 0 0
0 0 0 0 0 0 0 0 0 0 0 0 0 0 0
0 0 1 0 0 0 0 0 0 0 0 0 0 0 0
0 0 0 0 0 0 0 1 1 0 0 0 0 0 0
0 0 1 0 0 0 0 1 0 0 0 0 0 5 0
1 0 0 0 0 0 0 1 1 0 0 0 0 0 0
0 0 1 0 0 0 0 0 0 0 0 0 0 0 0
0 0 1 0 0 0 0 1 0 0 0 0 0 0 0
0 0 0 0 0 0 0 0 0 0 0 0 0 0 0
0 0 0 0 0 0 0 2 0 1 4 0 0 10 0
0 1 0 0 3 0 0 2 0 0 0 0 0 0 0
1 0 0 0 0 0 0 8 3 0 2 0 0 6 0
0 0 0 0 0 1 0 20 1 0 0 0 0 0 0
0 0 0 0 0 0 0 5 0 0 0 0 0 0 0
0 0 0 0 5 0 0 8 1 0 1 0 0 0 0
0 0 0 1 0 0 0 0 0 0 0 0 0 0 0
0 0 2 1 0 0 0 7 1 1 0 0 0 0 0
1 0 0 0 1 2 0 2 0 0 4 0 1 1 0
2 0 0 1 0 0 0 1 0 0 0 0 0 0 0
