3 10 0 2 0 1 0 3 2 0 0 0 0 0 0
6 2 0 0 2 0 0 9 1 0 11 0 1 0 0
2 0 0 0 3 0 1 3 1 1 0 2 5 0 0
2 1 0 0 2 0 0 0 0 1 1 0 0 0 0
0 1 0 0 0 0 0 0 0 0 0 0 0 0 0
3 0 0 1 8 0 2 11 1 0 0 1 0 4 0
4 3 0 2 4 0 6 0 0 1 1 4 0 1 0
7 1 0 18 2 0 2 22 1 11 2 0 0 3 0
26 1 0 1 1 0 2 2 1 1 1 0 0 2 0
3 6 1 0 2 1 1 3 3 1 1 11 0 1 3
4 9 0 1 1 0 1 0 0 0 6 0 0 0 4
0 2 0 0 0 0 0 0 0 0 0 0 0 0 0
0 1 0 1 3 1 3 4 1 0 0 0 0 0 0
4 0 0 1 4 1 1 17 0 0 0 3 0 0 15
1 6 0 1 4 0 0 0 10 0 0 0 0 2 0
5 2 1 1 5 1 0 4 1 1 5 0 1 0 5
3 5 0 1 2 0 0 8 2 1 3 2 0 0 0
20 4 1 0 3 0 0 1 0 0 0 2 0 1 0
3 1 0 0 2 0 0 2 0 0 0 1 0 0 0
0 2 0 0 0 0 0 0 0 0 1 5 0 0 0
6 22 0 0 5 0 3 6 0 0 2 6 0 0 5
2 5 0 1 4 2 4 11 4 0 7 0 0 0 0
4 13 0 1 4 0 0 2 21 0 1 10 0 1 0
7 1 1 2 4 7 0 12 0 0 1 0 0 1 0
7 8 0 0 0 0 0 20 8 1 0 16 1 1 0
2 3 0 2 2 0 11 8 2 0 0 3 0 0 0
1 5 0 1 4 1 0 0 0 0 0 0 0 1 0
12 12 0 2 6 0 0 31 5 0 1 27 0 1 6
2 6 0 1 2 1 1 2 6 0 4 2 0 0 0
3 6 0 3 21 6 0 0 1 0 0 0 0 5 0
1 5 0 1 3 0 0 17 0 0 0 4 0 0 0
